Plot	Species	Plant	X	Y
5	ROF	1	36.64455962	6.797507837
5	ROF	2	25.32944753	6.945714331
5	ROF	3	7.161171411	5.269222893
5	ROF	4	-0.717087541	5.121678035
5	ROF	5	-0.069188235	12.98862616
5	ROF	6	10.90212511	14.99621922
5	ROF	7	13.77501221	17.42744845
5	ROF	8	33.88875061	14.96351549
5	ROF	9	25.34431859	26.84073473
5	ROF	10	-2.201420942	34.31192993
5	TVUF	1	23.15940705	3.010491659
5	TVUF	2	3.280454954	26.18987382
5	TVUF	3	4.019534019	24.14196821
5	TVUF	4	19.38997149	24.53540541
5	TVUF	5	-0.06906221	15.29282125
5	TVUF	6	3.42979568	-3.338946738
5	TVUF	7	25.01715528	3.150285921
5	TVUF	8	27.30036705	-5.747302257
5	TVUF	9	25.93550623	-6.180106807
5	TVUF	10	27.56376124	4.020431954
5	TVUH	1	2.376596985	24.50270168
5	TVUH	2	26.85165173	25.16608642
5	TVUH	3	28.50479686	25.44515509
5	TVUH	4	7.571700877	14.18472251
5	TVUH	5	8.754706281	13.66401487
5	TVUH	6	24.55961814	-1.229981569
5	TVUH	7	23.43830243	-3.805778289
5	TVUH	8	24.32457978	-8.553820949
5	TVUH	9	22.63810079	-9.29249043
5	TVUH	10	23.37434427	-12.18478552
1	ROF	1	37.05685532	24.28076769
1	ROF	2	32.27550868	24.8259632
1	ROF	3	15.31929563	24.28308939
1	ROF	4	-4.133286821	24.25093733
1	ROF	5	-0.127717081	15.23872201
1	ROF	6	11.23445969	15.40599011
1	ROF	7	23.53502634	12.55522105
1	ROF	8	26.38743701	4.152065641
1	ROF	9	20.27741998	4.188087205
1	ROF	10	4.002333428	4.412448077
1	TVUF	1	6.784717805	9.097608236
1	TVUF	2	4.716104465	5.070193387
1	TVUF	3	12.58381433	16.33716864
1	TVUF	4	17.94952643	15.30615691
1	TVUF	5	24.93855404	16.02022109
1	TVUF	6	36.18609969	23.91678808
1	TVUF	7	34.44946633	26.68970976
1	TVUF	8	16.93562259	28.97401863
1	TVUF	9	3.405022733	28.83823422
1	TVUF	10	NA	NA
1	TVUH	1	24.46727191	2.704343518
1	TVUH	2	19.27575785	2.064890408
1	TVUH	3	0.864658238	4.927549402
1	TVUH	4	4.030991209	14.48012336
1	TVUH	5	9.484693474	14.29192476
1	TVUH	6	35.34329828	23.76939516
1	TVUH	7	33.23575539	26.6484116
1	TVUH	8	24.96585163	23.84245842
1	TVUH	9	15.63091968	26.85859601
1	TVUH	10	3.164222332	21.9389791
2	ROF	1	30.43442781	26.62951807
2	ROF	2	26.53604835	24.41566265
2	ROF	3	29.66211171	17.20481928
2	ROF	4	27.97151545	14.42168675
2	ROF	5	20.93937411	11.62048193
2	ROF	6	1.110435352	14.3313253
2	ROF	7	1.299819085	3.21686747
2	ROF	8	18.77947573	4.879518072
2	ROF	9	27.97782825	2.801204819
2	ROF	10	35.54162978	6.65060241
2	TVUF	1	29.02898495	23.61144578
2	TVUF	2	15.4344663	26.43975904
2	TVUF	3	5.840101621	24.75903614
2	TVUF	4	32.46375919	14.78313253
2	TVUF	5	6.343893144	14.69277108
2	TVUF	6	2.374995188	15.11746988
2	TVUF	7	16.03325763	23.54819277
2	TVUF	8	18.3075561	22.8253012
2	TVUF	9	38.33203741	7.888554217
2	TVUF	10	35.5253089	4.608433735
2	TVUH	1	33.117518	21.41566265
2	TVUH	2	29.09873359	27.01807229
2	TVUH	3	10.62904654	23.45783133
2	TVUH	4	2.401786058	26.29518072
2	TVUH	5	16.07944879	13.3373494
2	TVUH	6	12.68193541	15.47891566
2	TVUH	7	9.018822895	15.20783133
2	TVUH	8	7.375187652	17.1686747
2	TVUH	9	17.74186843	3.524096386
2	TVUH	10	0.642826899	17.77409639
3	ROF	1	8.285885806	5.499132871
3	ROF	2	21.23456955	6.374043935
3	ROF	3	31.3879847	4.897923337
3	ROF	4	12.49626467	14.78361793
3	ROF	5	21.31016542	14.48725987
3	ROF	6	34.13109214	13.650836
3	ROF	7	38.34858591	14.28715315
3	ROF	8	29.49155105	27.01302917
3	ROF	9	34.45659908	27.99715404
3	ROF	10	18.17974031	26.5189879
3	TVUF	1	18.25431341	18.87537798
3	TVUF	2	23.29820349	21.02699217
3	TVUF	3	28.26485237	24.06527926
3	TVUF	4	39.7826841	21.14080843
3	TVUF	5	36.2916222	11.52654749
3	TVUF	6	-1.450729278	7.354766987
3	TVUF	7	40.24573106	15.30723052
3	TVUF	8	46.81221096	26.7509116
3	TVUF	9	51.00720384	20.73705977
3	TVUF	10	45.64403237	16.67198061
3	TVUH	1	9.63104767	20.45488705
3	TVUH	2	12.86121487	24.1866551
3	TVUH	3	26.94325863	20.46246887
3	TVUH	4	17.79304518	12.54691391
3	TVUH	5	26.53548559	16.11059232
3	TVUH	6	43.78406261	14.4652259
3	TVUH	7	43.53504091	17.15110281
3	TVUH	8	35.11663999	22.71742707
3	TVUH	9	13.87642298	20.20119619
3	TVUH	10	1.685610103	25.13424938
4	ROF	1	38.31751707	3.571428571
4	ROF	2	31.90629416	1.614285714
4	ROF	3	22.80715733	7.228571429
4	ROF	4	11.58220542	4.371428571
4	ROF	5	4.828711034	11.51428571
4	ROF	6	12.19905681	13.57142857
4	ROF	7	34.53182832	16
4	ROF	8	37.88235695	22.42857143
4	ROF	9	32.61821339	25.28571429
4	ROF	10	12.95714796	24.08571429
4	TVUF	1	35.63886477	22.61428571
4	TVUF	2	30.71631169	20.8
4	TVUF	3	16.05706795	13.22857143
4	TVUF	4	22.96991675	13.8
4	TVUF	5	29.75201321	15.65714286
4	TVUF	6	38.94063367	13.42857143
4	TVUF	7	36.01641214	6.714285714
4	TVUF	8	30.46148084	4.571428571
4	TVUF	9	25.6292286	3.228571429
4	TVUF	10	17.13400412	6.185714286
4	TVUH	1	38.00766127	26.57142857
4	TVUH	2	34.56669561	25.65714286
4	TVUH	3	24.32442924	25.37142857
4	TVUH	4	32.94849924	10.42857143
4	TVUH	5	20.01464154	14.32857143
4	TVUH	6	14.68553042	10.37142857
4	TVUH	7	28.22616068	5.614285714
4	TVUH	8	33.04520149	5.571428571
4	TVUH	9	34.74811448	4.185714286
4	TVUH	10	40.99630557	10.04285714
7	ROF	1	34.28800759	5.370185072
7	ROF	2	23.92537455	4.684482408
7	ROF	3	9.198671277	5.047142567
7	ROF	4	34.10176937	12.60719951
7	ROF	5	25.89579012	17.90835876
7	ROF	6	7.203199783	14.86621924
7	ROF	7	12.92170022	25.1366687
7	ROF	8	12.7738594	36.13902786
7	ROF	9	37.59658328	25.31738865
7	ROF	10	34.83934648	24.9358552
7	TVUF	1	20.79750525	2.457799471
7	TVUF	2	20.94350214	7.77461867
7	TVUF	3	20.13628907	12.61728696
7	TVUF	4	21.91168056	12.71661582
7	TVUF	5	-3.041746322	0.221191784
7	TVUF	6	-2.956816487	13.04962375
7	TVUF	7	17.96347366	45.54557657
7	TVUF	8	15.57914718	45.7325605
7	TVUF	9	22.81749034	46.04258694
7	TVUF	10	22.43991594	49.51669717
7	TVUH	1	22.27482883	18.32784218
7	TVUH	2	20.34910176	18.48623144
7	TVUH	3	-3.35424039	10.07724222
7	TVUH	4	19.86078232	15.60040675
7	TVUH	5	16.86166362	36.49932886
7	TVUH	6	22.19770863	15.26524303
7	TVUH	7	33.16992746	45.72845231
7	TVUH	8	16.97609654	43.22090706
7	TVUH	9	19.31540912	43.11974781
7	TVUH	10	20.37849637	46.8687411
8	ROF	1	35.9083732	6.091877622
8	ROF	2	0.860082898	4.223210199
8	ROF	3	3.488139058	15.24359609
8	ROF	4	35.28813028	25.44317847
8	ROF	5	22.61077424	27.50609821
8	ROF	6	29.76549008	2.723294852
8	ROF	7	24.3051551	2.681645169
8	ROF	8	25.23486734	15.19509886
8	ROF	9	28.88478927	14.82709926
8	ROF	10	22.79713807	25.22883498
8	TVUF	1	17.44621347	4.677707198
8	TVUF	2	17.27695597	2.625886514
8	TVUF	3	19.6578982	13.03356681
8	TVUF	4	19.99285145	26.39634295
8	TVUF	5	19.53087984	24.13397879
8	TVUF	6	23.17979846	32.28967913
8	TVUF	7	23.28128272	31.11743054
8	TVUF	8	23.20789099	33.6260809
8	TVUF	9	21.06964815	31.33538593
8	TVUF	10	20.92467063	33.01002678
8	TVUH	1	24.39434889	12.9247208
8	TVUH	2	24.63032614	12.1504957
8	TVUH	3	28.52946894	12.49543183
8	TVUH	4	25.09871891	31.86118026
8	TVUH	5	22.49238429	-10.69730926
8	TVUH	6	37.91116992	37.08206405
8	TVUH	7	32.80715858	42.84838186
8	TVUH	8	23.69524622	-11.76116333
8	TVUH	9	23.75830391	-10.47570435
8	TVUH	10	-3.263147994	2.64665492
9	ROF	1	32.80100833	18.10403025
9	ROF	2	24.87700206	15.76611639
9	ROF	3	10.52402472	14.241815
9	ROF	4	42.91825755	-4.663285069
9	ROF	5	33.82778444	33.02056626
9	ROF	6	35.64892865	23.69288942
9	ROF	7	39.76513265	25.27326386
9	ROF	8	44.63487965	20.77801346
9	ROF	9	17.31673276	6.432168219
9	ROF	10	17.3799379	2.701281933
9	TVUF	1	39.12811338	-5.43591257
9	TVUF	2	38.26940884	16.13903901
9	TVUF	3	18.05679855	16.98087245
9	TVUF	4	11.16866796	25.47372498
9	TVUF	5	13.75491408	13.63714839
9	TVUF	6	30.58066341	26.31876787
9	TVUF	7	34.1818316	27.55370285
9	TVUF	8	26.92676688	36.69434658
9	TVUF	9	37.48733745	18.64572535
9	TVUF	10	38.96909219	-2.726219681
9	TVUH	1	43.08908359	13.75899659
9	TVUH	2	39.41177411	18.72282579
9	TVUH	3	35.67789972	15.67927695
9	TVUH	4	36.27060162	11.93049894
9	TVUH	5	36.02265056	-4.554016416
9	TVUH	6	33.93540533	-4.826265794
9	TVUH	7	37.91649298	-1.993950014
9	TVUH	8	40.50628055	-4.490934243
9	TVUH	9	47.12142396	13.58930185
9	TVUH	10	27.97474254	24.93538689
10	ROF	1	3.442592919	4.599124061
10	ROF	2	9.293813816	12.30440515
10	ROF	3	34.43811314	7.628842024
10	ROF	4	34.20790608	16.90295483
10	ROF	5	9.402320608	17.84539871
10	ROF	6	21.04018746	14.86695125
10	ROF	7	41.29337868	29.98237678
10	ROF	8	24.72130734	35.49812345
10	ROF	9	13.26727891	34.84711534
10	ROF	10	13.38320051	28.23547227
10	TVUF	1	39.45170477	4.802398063
10	TVUF	2	4.986873968	24.73203574
10	TVUF	3	9.811109588	24.33172766
10	TVUF	4	11.85951034	26.22094291
10	TVUF	5	24.95060931	18.83419165
10	TVUF	6	13.58465344	14.96172499
10	TVUF	7	-0.325572591	15.18939735
10	TVUF	8	32.83954389	3.479671294
10	TVUF	9	9.878399812	34.89019431
10	TVUF	10	-3.328237831	30.0919736
10	TVUH	1	6.863620244	21.26750083
10	TVUH	2	6.618809846	26.69434164
10	TVUH	3	7.851129518	26.67867656
10	TVUH	4	-2.099642967	19.2797457
10	TVUH	5	-1.878190944	35.44642216
10	TVUH	6	2.930048888	31.36835132
10	TVUH	7	11.73641761	41.20555849
10	TVUH	8	-0.376223019	40.10529545
10	TVUH	9	19.59936556	27.13950407
10	TVUH	10	7.675628398	34.91819564
12	ROF	1	5.776324927	5.127724801
12	ROF	2	5.286992655	2.978845209
12	ROF	3	13.50419765	4.767839298
12	ROF	4	17.33999537	4.076658593
12	ROF	5	21.98110917	8.443861046
12	ROF	6	20.96739554	5.531782998
12	ROF	7	30.73886508	1.851628529
12	ROF	8	40.47799552	16.46032418
12	ROF	9	41.19044957	14.30345014
12	ROF	10	47.05222924	14.42140208
12	TVUF	1	43.11345223	8.792161379
12	TVUF	2	44.73203367	4.491556715
12	TVUF	3	22.06602192	18.07648922
12	TVUF	4	15.02783941	18.29288122
12	TVUF	5	12.64919858	17.81802476
12	TVUF	6	18.26265364	15.04225877
12	TVUF	7	1.463931844	5.11492014
12	TVUF	8	4.247805198	9.17697871
12	TVUF	9	8.231748559	12.52570248
12	TVUF	10	-4.559453035	3.00465778
12	TVUH	1	46.32730927	10.82369879
12	TVUH	2	17.96699469	12.90652259
12	TVUH	3	14.2945185	16.29535408
12	TVUH	4	10.46585706	15.49821311
12	TVUH	5	5.469193724	13.43523992
12	TVUH	6	47.75781801	9.443166613
12	TVUH	7	-3.970845119	14.37296116
12	TVUH	8	-6.548308238	11.76894023
12	TVUH	9	-7.069256957	0.416422486
12	TVUH	10	-7.88270298	4.648532376
13	ROF	1	-15.5870951	11.85451615
13	ROF	2	-26.7067562	11.67955644
13	ROF	3	-25.51171663	19.5864714
13	ROF	4	-12.97954753	26.37106847
13	ROF	5	-14.61522635	36.28938821
13	ROF	6	-23.67282536	31.44757284
13	ROF	7	-13.49626186	-1.47622249
13	ROF	8	1.390605636	-3.696534016
13	ROF	9	-2.984034927	-10.47865249
13	ROF	10	14.5283945	-10.16114923
13	TVUF	1	-14.15015754	8.100901528
13	TVUF	2	NA	NA
13	TVUF	3	NA	NA
13	TVUF	4	6.497225755	3.474723993
13	TVUF	5	NA	NA
13	TVUF	6	18.42364548	-2.736223948
13	TVUF	7	27.84820626	-3.364159181
13	TVUF	8	38.16408952	-8.173874304
13	TVUF	9	21.65910398	-2.37063107
13	TVUF	10	20.20084726	-3.379589655
13	TVUH	1	-15.44174895	7.849810055
13	TVUH	2	-13.68171914	17.27610423
13	TVUH	3	-20.53625149	17.06335809
13	TVUH	4	-27.37659266	18.15153454
13	TVUH	5	10.59717958	-3.006220789
13	TVUH	6	NA	NA
13	TVUH	7	2.881780701	3.480774683
13	TVUH	8	10.15744753	3.532314895
13	TVUH	9	27.36311428	-2.490672866
13	TVUH	10	33.30915217	-3.026486955
17	ROF	1	-14.50407316	0.230239426
17	ROF	2	-6.225184489	5.007447877
17	ROF	3	-27.76027664	5.543193156
17	ROF	4	-39.07318715	-1.705999497
17	ROF	5	-34.68551278	0.661358936
17	ROF	6	0.140746405	-1.766767482
17	ROF	7	7.600305861	6.394056476
17	ROF	8	13.12092188	6.968389913
17	ROF	9	18.69155752	5.833398971
17	ROF	10	21.81045101	6.943519511
17	TVUF	1	-13.08456425	4.798175427
17	TVUF	2	-8.262187578	5.387341885
17	TVUF	3	-53.74923413	-0.18031739
17	TVUF	4	-41.56708631	-1.097176498
17	TVUF	5	-33.93098045	1.799744465
17	TVUF	6	6.437112663	4.605485569
17	TVUF	7	23.25839916	5.154983456
17	TVUF	8	19.58552582	9.129905335
17	TVUF	9	14.59795056	6.49377508
17	TVUF	10	-6.790874625	-2.584256505
17	TVUH	1	-11.24842033	-0.256204183
17	TVUH	2	-10.55798784	4.611131596
17	TVUH	3	-44.33361192	7.289669791
17	TVUH	4	-51.939048	-0.501485742
17	TVUH	5	-2.517905226	-0.912460783
17	TVUH	6	-42.1906308	-2.86566567
17	TVUH	7	-31.57858051	2.180230957
17	TVUH	8	7.424986251	5.462190087
17	TVUH	9	12.99531519	5.876141491
17	TVUH	10	21.90365925	5.296768451
18	ROF	1	9.608690465	24.54889703
18	ROF	2	5.564021547	26.69216826
18	ROF	3	5.03239488	24.94944864
18	ROF	4	15.11311462	13.94319371
18	ROF	5	21.91895763	14.44620635
18	ROF	6	25.21738205	14.41079239
18	ROF	7	33.41975329	11.19522179
18	ROF	8	22.12273142	4.127175459
18	ROF	9	16.40156096	5.258035986
18	ROF	10	3.68587469	4.324208136
18	TVUF	1	9.146833076	27.9151975
18	TVUF	2	9.791291499	15.88753345
18	TVUF	3	12.59427339	15.64153457
18	TVUF	4	42.53613792	8.879611026
18	TVUF	5	43.14689917	8.363197378
18	TVUF	6	35.64269123	2.298798586
18	TVUF	7	34.65095476	2.547460865
18	TVUF	8	37.00957759	6.900949581
18	TVUF	9	26.79503258	3.194238209
18	TVUF	10	25.03897076	4.775876835
18	TVUH	1	7.164413187	27.58404549
18	TVUH	2	6.898151753	27.0652289
18	TVUH	3	5.732462599	14.17117055
18	TVUH	4	41.96673636	6.856285144
18	TVUH	5	41.89141064	6.118801017
18	TVUH	6	32.55509818	1.462625881
18	TVUH	7	24.20227714	3.044583779
18	TVUH	8	23.93606051	2.490512868
18	TVUH	9	7.842658402	3.974622377
18	TVUH	10	7.080842407	3.333356672
21	ROF	1	44.90555029	1.198220407
21	ROF	2	53.39450077	7.110495223
21	ROF	3	44.80344249	12.32155204
21	ROF	4	51.25373787	13.98765954
21	ROF	5	56.6056451	-35.20525126
21	ROF	6	53.99897892	-25.29962804
21	ROF	7	43.86696813	25.99553643
21	ROF	8	52.92188754	25.33848735
21	ROF	9	58.16060098	31.85944132
21	ROF	10	38.71635913	-32.79754941
21	TVUF	1	47.97549413	-11.70126176
21	TVUF	2	49.41725622	-4.922704398
21	TVUF	3	51.20997739	-4.102341186
21	TVUF	4	49.37349573	0.987294873
21	TVUF	5	52.62139888	-33.812851
21	TVUF	6	54.0091897	-31.2119612
21	TVUF	7	54.69710451	-32.27714973
21	TVUF	8	56.42185107	-32.78325432
21	TVUF	9	39.47720808	21.6205966
21	TVUF	10	33.34548902	29.08969441
21	TVUH	1	52.45073299	-39.56385384
21	TVUH	2	52.98373569	-38.58764496
21	TVUH	3	54.17256218	-37.80929181
21	TVUH	4	36.14470133	21.98007439
21	TVUH	5	36.46794545	23.49821311
21	TVUH	6	33.58763037	33.45436511
21	TVUH	7	35.08511414	35.05419007
21	TVUH	8	31.3106265	35.90466049
21	TVUH	9	32.56217635	38.07868135
21	TVUH	10	47.35905477	39.97759463
22	ROF	1	36.58798585	4.760445999
22	ROF	2	28.83530537	2.133211154
22	ROF	3	22.70609403	1.589423907
22	ROF	4	13.71628084	2.160300187
22	ROF	5	7.410221595	2.08665815
22	ROF	6	35.49238497	11.57624727
22	ROF	7	19.50116048	12.56048212
22	ROF	8	13.29275552	11.18335596
22	ROF	9	6.36010354	13.63782298
22	ROF	10	-3.589932244	15.35446501
22	TVUF	1	38.50682577	2.654725197
22	TVUF	2	30.69153953	7.274107567
22	TVUF	3	2.907689941	3.254697104
22	TVUF	4	51.17352365	26.48444554
22	TVUF	5	49.95832971	17.1431438
22	TVUF	6	47.21330774	4.879437083
22	TVUF	7	40.59743022	10.66725973
22	TVUF	8	32.56248871	12.71173925
22	TVUF	9	24.40426201	17.02648037
22	TVUF	10	21.72821339	16.77910733
22	TVUH	1	44.80908586	1.168119218
22	TVUH	2	34.16803227	2.870072973
22	TVUH	3	22.63647856	7.647414502
22	TVUH	4	50.44178533	23.1831553
22	TVUH	5	46.59532998	8.410362057
22	TVUH	6	44.70859558	6.799868902
22	TVUH	7	43.80509274	11.38032333
22	TVUH	8	44.90946912	-6.451243086
22	TVUH	9	33.05081367	16.18812497
22	TVUH	10	30.18908814	17.43285599
24	ROF	1	38.86325694	32.24942234
24	ROF	2	37.24057537	11.17504528
24	ROF	3	21.45190366	26.57728096
24	ROF	4	0.039800995	24.80796853
24	ROF	5	-5.890380732	9.194404546
24	ROF	6	15.17183955	15.15118966
24	ROF	7	23.64628739	4.226815712
24	ROF	8	1.844334811	4.795853369
24	ROF	9	12.06353171	3.218385062
24	ROF	10	41.37221841	3.5780928
24	ROF	11	26.02985075	4.628864048
24	TVUF	1	40.52394096	39.00700681
24	TVUF	2	42.69777472	26.48078436
24	TVUF	3	36.66550927	14.51925311
24	TVUF	4	33.83667437	26.69143821
24	TVUF	5	-3.719444618	10.55912071
24	TVUF	6	17.39749787	6.322662836
24	TVUF	7	29.30668832	2.858802223
24	TVUF	8	41.44659131	23.04400175
24	TVUF	9	42.7294823	24.54775495
24	TVUF	10	NA	NA
24	TVUH	1	41.98315535	24.61847249
24	TVUH	2	38.12272529	16.53826266
24	TVUH	3	21.60607839	24.03527134
24	TVUH	4	-1.041320594	27.28920252
24	TVUH	5	29.24353962	4.137188534
24	TVUH	6	39.47725806	2.531568101
24	TVUH	7	NA	NA
24	TVUH	8	NA	NA
24	TVUH	9	NA	NA
24	TVUH	10	NA	NA
25	ROF	1	36.14992948	0.947616553
25	ROF	2	28.27268405	4.494378853
25	ROF	3	15.05780715	6.177459
25	ROF	4	8.629568441	7.643067252
25	ROF	5	0.082717492	5.21678688
25	ROF	6	1.342756981	14.09384696
25	ROF	7	11.58444615	15.44727405
25	ROF	8	23.73115203	14.16190515
25	ROF	9	33.1483741	14.48382157
25	ROF	10	21.90923963	24.82999557
25	TVUF	1	10.95100939	-6.087883306
25	TVUF	2	23.30712012	6.265342306
25	TVUF	3	29.01320869	6.718177056
25	TVUF	4	42.73264295	9.642744893
25	TVUF	5	3.102389491	16.89100214
25	TVUF	6	3.029149373	18.25385824
25	TVUF	7	17.75363662	25.46754241
25	TVUF	8	20.25237539	24.86348068
25	TVUF	9	23.87937301	25.9759842
25	TVUF	10	44.15631221	14.26018455
25	TVUH	1	9.793415804	-6.04907926
25	TVUH	2	29.22125962	5.71471169
25	TVUH	3	16.15034855	-6.663174437
25	TVUH	4	NA	NA
25	TVUH	5	NA	NA
25	TVUH	6	NA	NA
25	TVUH	7	NA	NA
25	TVUH	8	NA	NA
25	TVUH	9	NA	NA
25	TVUH	10	NA	NA
26	ROF	1	35.72705037	26.97679455
26	ROF	2	39.61806285	28.98231029
26	ROF	3	36.77155977	29.09967871
26	ROF	4	37.68116403	28.42825267
26	ROF	5	39.47117251	27.16986531
26	ROF	6	NA	NA
26	ROF	7	NA	NA
26	ROF	8	NA	NA
26	ROF	9	NA	NA
26	ROF	10	NA	NA
26	TVUF	1	35.79107746	5.577652512
26	TVUF	2	19.01226139	2.457583844
26	TVUF	3	12.04147931	5.833192592
26	TVUF	4	-2.663577641	24.36285857
26	TVUF	5	18.41637078	23.58246885
26	TVUF	6	-6.523069342	31.31352489
26	TVUF	7	-6.504757723	34.4287653
26	TVUF	8	3.913186711	2.497163646
26	TVUF	9	8.156523018	5.639227717
26	TVUF	10	25.46267239	2.481605923
26	TVUH	1	39.564193	5.703187247
26	TVUH	2	49.92586735	6.073711421
26	TVUH	3	27.46827158	15.86905682
26	TVUH	4	18.87428843	16.06844604
26	TVUH	5	15.61795159	17.45296421
26	TVUH	6	-1.515159342	31.81935953
26	TVUH	7	-5.758161844	33.2653337
26	TVUH	8	-2.898894666	22.87152261
26	TVUH	9	-4.873577104	11.56666077
26	TVUH	10	-6.872039214	9.132979791
27	ROF	1	-4.173290664	2.45586869
27	ROF	2	-4.373559065	4.92722205
27	ROF	3	8.6442311	12.27469805
27	ROF	4	8.535150201	25.88882007
27	ROF	5	10.20611817	18.20687519
27	ROF	5.2	8.619455628	7.322700526
27	ROF	6	18.05719005	34.10653453
27	ROF	7	22.38876845	24.88076804
27	ROF	8	32.52331303	37.18953236
27	ROF	9	35.8872716	32.89408486
27	ROF	10	29.61701249	37.12604522
27	TVUF	1	NA	NA
27	TVUF	2	NA	NA
27	TVUF	3	NA	NA
27	TVUF	4	NA	NA
27	TVUF	5	NA	NA
27	TVUF	6	NA	NA
27	TVUF	7	NA	NA
27	TVUF	8	NA	NA
27	TVUF	9	NA	NA
27	TVUF	10	NA	NA
27	TVUH	1	NA	NA
27	TVUH	2	NA	NA
27	TVUH	3	NA	NA
27	TVUH	4	NA	NA
27	TVUH	5	NA	NA
27	TVUH	6	NA	NA
27	TVUH	7	NA	NA
27	TVUH	8	NA	NA
27	TVUH	9	NA	NA
27	TVUH	10	NA	NA
28	ROF	1	17.85844497	-10.43582341
28	ROF	2	19.4359856	-14.96963898
28	ROF	3	14.94560317	-6.693243375
28	ROF	4	11.19394077	-4.29160855
28	ROF	5	4.436991145	-2.812579065
28	ROF	6	1.400045412	-2.486489993
28	ROF	7	6.667683026	-6.74773752
28	ROF	8	9.0342859	-14.51899186
28	ROF	9	9.055045574	-3.534529177
28	ROF	10	0.49978916	-11.58457945
28	TVUF	1	32.32125596	7.949041487
28	TVUF	2	28.78465082	15.3928444
28	TVUF	3	17.64306335	13.60037627
28	TVUF	4	12.52158682	11.94910636
28	TVUF	5	2.510363619	14.26063122
28	TVUF	6	27.65941159	28.25064063
28	TVUF	7	38.39605566	24.27743359
28	TVUF	8	45.41172273	18.69227027
28	TVUF	9	6.574069869	4.469201077
28	TVUF	10	-0.612021149	4.628791073
28	TVUH	1	22.82792176	10.5385838
28	TVUH	2	21.85435791	15.1516105
28	TVUH	3	5.577605501	17.21499238
28	TVUH	4	4.790554348	23.76655097
28	TVUH	5	9.160141425	25.07431315
28	TVUH	6	21.03986506	22.93308249
28	TVUH	7	23.17648967	27.72457751
28	TVUH	8	30.7285997	24.73479516
28	TVUH	9	37.90171592	17.70991599
28	TVUH	10	35.84443219	3.149664277
29	ROF	1	NA	NA
29	ROF	2	NA	NA
29	ROF	3	NA	NA
29	ROF	4	NA	NA
29	ROF	5	NA	NA
29	ROF	6	NA	NA
29	ROF	7	NA	NA
29	ROF	8	NA	NA
29	ROF	9	NA	NA
29	ROF	10	NA	NA
29	TVUF	1	41.29904108	31.1903683
29	TVUF	2	19.0577239	24.59767914
29	TVUF	3	4.466453871	24.93631158
29	TVUF	4	3.451506586	17.12961798
29	TVUF	5	27.47389504	14.39659942
29	TVUF	6	37.00034476	12.37918907
29	TVUF	7	39.50232372	12.29475362
29	TVUF	8	35.6689427	4.741232753
29	TVUF	9	-0.417857473	4.444706697
29	TVUF	10	5.146064188	7.05071582
29	TVUH	1	42.17718157	24.83415182
29	TVUH	2	18.82623897	21.14103636
29	TVUH	3	11.16407872	21.39320709
29	TVUH	4	0.64753138	14.54367118
29	TVUH	5	6.952578914	12.1949764
29	TVUH	6	27.67094077	17.1004263
29	TVUH	7	37.53067892	14.19604298
29	TVUH	8	39.16763991	-2.314292681
29	TVUH	9	8.718360367	7.966078862
29	TVUH	10	12.08482288	4.330344767
30	ROF	1	39.01782277	27.88176116
30	ROF	2	24.62977913	26.39731727
30	ROF	3	12.92794303	22.60311743
30	ROF	4	1.491564719	25.92299572
30	ROF	5	2.011881844	14.65813824
30	ROF	6	22.11977064	13.77842638
30	ROF	7	36.57339212	17.37589269
30	ROF	8	38.07654888	8.158479786
30	ROF	9	24.11542363	5.12699497
30	ROF	10	15.58119605	4.307271937
30	TVUF	1	36.12494566	28.07774949
30	TVUF	2	6.076052081	26.36974477
30	TVUF	3	5.518309218	23.54989753
30	TVUF	4	2.206296963	21.98310874
30	TVUF	5	10.9738558	13.57871204
30	TVUF	6	32.9732348	18.34279327
30	TVUF	7	40.89970813	7.610010557
30	TVUF	8	39.50021735	2.743463951
30	TVUF	9	33.29019437	3.555734956
30	TVUF	10	16.63408475	6.566354096
30	TVUF	11	8.950050715	4.201825747
30	TVUH	1	23.85377466	26.39321865
30	TVUH	2	14.12142665	25.07420977
30	TVUH	3	14.47713677	23.80848289
30	TVUH	4	27.47695046	15.63770726
30	TVUH	5	28.11434722	14.58473576
30	TVUH	6	30.65052061	16.07700428
30	TVUH	7	40.26645139	6.902440539
30	TVUH	8	22.34614668	7.512016394
30	TVUH	9	19.59883252	5.807365087
30	TVUH	10	6.978741021	2.501273055
31	ROF	1	31.6453578	36.1227156
31	ROF	2	29.01832416	30.80234862
31	ROF	3	11.30529664	36.6493211
31	ROF	4	21.06255657	4.489247706
31	ROF	5	9.351535168	4.775559633
31	ROF	6	1.64951682	22.03354128
31	ROF	7	20.15520489	15.77922936
31	ROF	8	30.43258716	25.52594495
31	ROF	9	27.85252599	15.49255046
31	ROF	10	40.41110703	5.821798165
31	TVUF	1	39.03911927	5.356477064
31	TVUF	2	35.20176147	4.975119266
31	TVUF	3	19.42390214	5.623926606
31	TVUF	4	35.29619572	16.65622018
31	TVUF	5	41.34028135	14.31097248
31	TVUF	6	-5.893284404	20.16007339
31	TVUF	7	-5.825957187	10.90473394
31	TVUF	8	-4.092379205	24.55831193
31	TVUF	9	37.45771254	25.02840367
31	TVUF	10	38.38688685	27.51757798
31	TVUH	1	31.07405505	7.007412844
31	TVUH	2	29.71723547	3.863926606
31	TVUH	3	26.7755841	4.642275229
31	TVUH	4	34.39569419	14.44638532
31	TVUH	5	41.55606116	16.56675229
31	TVUH	6	-5.716159021	13.95053211
31	TVUH	7	7.063779817	13.75713761
31	TVUH	8	3.052330275	14.24968807
31	TVUH	9	-4.173406728	21.8132844
31	TVUH	10	15.06084404	25.11420183
32	ROF	1	39.67165813	3.590306452
32	ROF	2	13.86597682	7.426682752
32	ROF	3	7.591662106	7.93262773
32	ROF	4	0.790806428	16.33355306
32	ROF	5	6.710511915	18.25177852
32	ROF	6	27.1274066	12.65560171
32	ROF	7	35.13337645	15.38751803
32	ROF	8	38.7594647	22.80349236
32	ROF	9	26.03412766	24.25065917
32	ROF	10	0.417093677	24.86559126
32	TVUF	1	30.80443759	7.28392866
32	TVUF	2	14.66195712	4.682192428
32	TVUF	3	-3.732351624	16.20161932
32	TVUF	4	4.818864733	16.94855977
32	TVUF	5	18.52047162	14.41077558
32	TVUF	6	28.28436396	18.45098503
32	TVUF	7	41.88527934	22.68487886
32	TVUF	8	31.10890005	26.61166111
32	TVUF	9	2.748917964	37.15210686
32	TVUF	10	0.460474603	34.91751654
32	TVUH	1	40.44694294	4.775172877
32	TVUH	2	19.57474752	1.567198149
32	TVUH	3	3.681806875	8.009564201
32	TVUH	4	6.043480424	12.20566141
32	TVUH	5	22.86930998	14.1207527
32	TVUH	6	31.47903089	17.49047311
32	TVUH	7	39.77593155	27.40777822
32	TVUH	8	25.30182578	21.88559027
32	TVUH	9	8.030645242	27.96954132
32	TVUH	10	-1.529078155	24.51087011
34	ROF	1	23.81961831	2.996392366
34	ROF	2	5.658212778	17.76492658
34	ROF	3	3.63938093	24.5671561
34	ROF	4	5.188065948	11.03438075
34	ROF	5	-6.352610123	35.86965619
34	ROF	6	23.51484541	27.02557812
34	ROF	7	29.27868971	21.97077817
34	ROF	8	0.595403875	14.64937408
34	ROF	9	15.72408817	5.334139038
34	ROF	10	38.27988023	5.02925791
34	TVUF	1	26.21624157	16.085068
34	TVUF	2	29.01778563	19.54879325
34	TVUF	3	29.96529456	16.60673184
34	TVUF	4	26.89361088	18.23705761
34	TVUF	5	NA	NA
34	TVUF	6	-5.702947437	26.5697536
34	TVUF	7	19.5224936	10.09823587
34	TVUF	8	15.51859735	10.81593853
34	TVUF	9	12.36667989	12.92932645
34	TVUF	10	23.01872362	1.746383347
34	TVUH	1	23.54457232	28.36458747
34	TVUH	2	12.45557199	31.96248061
34	TVUH	3	12.47519752	26.86590425
34	TVUH	4	27.21887514	27.06291713
34	TVUH	5	24.05714492	29.72459324
34	TVUH	6	28.88184999	20.14419712
34	TVUH	7	27.8489123	13.85959089
34	TVUH	8	30.21321115	17.75439229
34	TVUH	9	25.6964537	18.1282153
34	TVUH	10	26.89822865	16.97903965
35	ROF	1	50.83610471	18.93009424
35	ROF	2	59.20777382	16.33864712
35	ROF	3	28.94776963	29.93541361
35	ROF	4	28.04500105	20.51806492
35	ROF	5	21.66517277	18.17063874
35	ROF	6	11.98743455	2.156732984
35	ROF	7	7.667535079	7.514337173
35	ROF	8	23.27924607	29.03522513
35	ROF	9	10.36190157	17.96526911
35	ROF	10	22.7016377	2.401558115
35	TVUF	1	26.29763351	4.430324607
35	TVUF	2	31.59220942	2.242931937
35	TVUF	3	33.12016754	5.826596859
35	TVUF	4	38.4857801	5.279497382
35	TVUF	5	12.48462408	20.70704921
35	TVUF	6	21.88558743	14.65075602
35	TVUF	7	21.46479581	32.27962304
35	TVUF	8	14.67141361	-7.811434555
35	TVUF	9	43.86754346	17.28080419
35	TVUF	10	46.07135497	17.42329634
35	TVUH	1	15.07659058	19.46518115
35	TVUH	2	36.15034974	3.20725445
35	TVUH	3	36.01497801	1.100280628
35	TVUH	4	38.46493822	1.509562304
35	TVUH	5	14.0488377	16.35995812
35	TVUH	6	25.90324607	27.16322513
35	TVUH	7	53.7113466	26.13682932
35	TVUH	8	52.96284817	23.57604188
35	TVUH	9	22.09306806	7.305801047
35	TVUH	10	45.69667016	14.0866178
36	ROF	1	34.12271168	23.55101155
36	ROF	2	7.306100879	23.35958512
36	ROF	3	1.131490318	12.84875971
36	ROF	4	4.618716725	17.40383326
36	ROF	5	5.502732973	12.80510313
36	ROF	6	24.94440194	7.644279686
36	ROF	7	5.108112158	7.468233624
36	ROF	8	42.10163663	17.02038885
36	ROF	9	45.87684663	16.05379185
36	ROF	10	38.50524904	15.19592223
36	TVUF	1	37.73190835	23.91055724
36	TVUF	2	42.02844185	21.1056513
36	TVUF	3	42.61210711	28.61541192
36	TVUF	4	25.87713058	25.77501282
36	TVUF	5	22.61428402	13.14477265
36	TVUF	6	20.97257562	17.20542651
36	TVUF	7	8.281232007	8.192648973
36	TVUF	8	3.692802776	7.582403281
36	TVUF	9	17.5817644	3.544938281
36	TVUF	10	25.0843554	4.126079584
36	TVUH	1	39.18861064	25.9343771
36	TVUH	2	42.88898529	22.88598809
36	TVUH	3	40.84584139	28.3004693
36	TVUH	4	32.56587136	28.17659818
36	TVUH	5	20.27672043	13.7332492
36	TVUH	6	22.80597863	16.04905943
36	TVUH	7	4.194817999	4.701068738
36	TVUH	8	13.87596324	5.809993296
36	TVUH	9	2.285948653	7.172930552
36	TVUH	10	15.21366092	3.562093308
37	ROF	1	21.69835833	22.25298217
37	ROF	2	12.97231268	22.2177867
37	ROF	3	4.07160573	21.23231369
37	ROF	4	0.760869932	32.67249321
37	ROF	5	7.944794074	32.43958899
37	ROF	6	8.899762102	40.54871855
37	ROF	7	4.275152272	18.11409
37	ROF	8	7.253707672	15.46167474
37	ROF	9	4.162715754	8.119050431
37	ROF	10	6.61688235	5.607417031
37	TVUF	1	38.40388736	27.1966458
37	TVUF	2	33.55305472	23.41065312
37	TVUF	3	6.282542307	23.01712531
37	TVUF	4	37.42489328	5.256643439
37	TVUF	5	32.95618283	7.050431085
37	TVUF	6	28.38475426	3.050431085
37	TVUF	7	24.61252932	3.267272942
37	TVUF	8	1.869037777	2.287468997
37	TVUF	9	2.915520761	12.2917208
37	TVUF	10	7.575224822	12.11975906
37	TVUH	1	27.58069142	24.73296327
37	TVUH	2	27.33678652	27.3487658
37	TVUH	3	21.91540266	26.74760836
37	TVUH	4	37.48644317	2.531238928
37	TVUH	5	32.71659721	4.422345577
37	TVUH	6	28.42052338	2.124483288
37	TVUH	7	24.80649243	2.28392583
37	TVUH	8	2.004420523	3.424353372
37	TVUH	9	2.895004134	11.20018897
37	TVUH	10	6.272149016	11.1352309
38	ROF	1	38.76456572	3.714492904
38	ROF	2	29.89120115	1.74927636
38	ROF	3	9.644401923	5.238871183
38	ROF	4	0.041779148	7.932785297
38	ROF	5	13.35967483	16.83748423
38	ROF	6	20.71100115	16.41408645
38	ROF	7	29.9853383	16.82830696
38	ROF	8	28.98156623	23.61067879
38	ROF	9	12.47753518	26.2496755
38	ROF	10	9.813127281	25.60993534
38	TVUF	1	23.37111901	27.54944821
38	TVUF	2	28.42532343	26.14525201
38	TVUF	3	29.76201242	22.58333587
38	TVUF	4	35.25740855	28.48169115
38	TVUF	5	33.63913687	15.66531587
38	TVUF	6	30.49131937	14.32766406
38	TVUF	7	16.60528577	3.513580051
38	TVUF	8	8.507297335	38.56130066
38	TVUF	9	26.20127848	33.94926295
38	TVUF	10	27.86415683	31.93048184
38	TVUH	1	23.64163533	26.3425817
38	TVUH	2	28.15860964	22.82190846
38	TVUH	3	24.23156471	22.5980707
38	TVUH	4	35.97993918	22.14523982
38	TVUH	5	33.16650112	18.13180907
38	TVUH	6	28.35585402	15.21639722
38	TVUH	7	16.58378681	5.5882292
38	TVUH	8	9.390460753	37.62174514
38	TVUH	9	9.727765218	35.15349693
38	TVUH	10	27.79468742	27.00162705
39	ROF	1	38.20638566	33.20170061
39	ROF	2	38.3390274	44.39654097
39	ROF	3	31.16268387	36.51789599
39	ROF	4	33.131653	23.90809388
39	ROF	5	20.55058487	24.07748589
39	ROF	6	36.37824189	15.1465752
39	ROF	7	35.20509271	15.05129219
39	ROF	8	36.11797813	1.987891879
39	ROF	9	30.88441003	5.875876546
39	ROF	10	28.47282518	3.808217094
39	TVUF	1	35.63009385	36.60907196
39	TVUF	2	28.15603657	36.52109034
39	TVUF	3	25.76182291	36.58009461
39	TVUF	4	24.97972346	24.51657261
39	TVUF	5	25.10968802	20.78821436
39	TVUF	6	19.59465174	25.2508176
39	TVUF	7	19.47287081	23.11940798
39	TVUF	8	29.52900017	15.88419708
39	TVUF	9	23.80961653	13.8340153
39	TVUF	10	33.03122861	5.414018649
39	TVUH	1	37.22663178	36.93339012
39	TVUH	2	32.90953895	38.9049908
39	TVUH	3	38.63847523	23.43113126
39	TVUH	4	32.15545854	24.91267246
39	TVUH	5	24.18782799	20.98407387
39	TVUH	6	22.98264401	27.43278928
39	TVUH	7	38.67583395	14.85940281
39	TVUH	8	34.39637365	13.12642035
39	TVUH	9	34.11639616	15.53327452
39	TVUH	10	29.44473008	14.55169529
40	ROF	1	60.30083084	29.11742904
40	ROF	2	56.38817679	27.8415233
40	ROF	3	45.41495506	15.72829478
40	ROF	4	35.00571393	17.90854619
40	ROF	5	37.43861383	4.732062884
40	ROF	6	31.26138926	2.547178553
40	ROF	7	34.69747043	2.637520462
40	ROF	8	48.37816969	7.662383791
40	ROF	9	59.77885536	15.82280631
40	ROF	10	65.53355777	32.66624456
40	TVUF	1	56.68838991	33.21570868
40	TVUF	2	38.58788646	15.73756061
40	TVUF	3	31.3534299	14.44173333
40	TVUF	4	22.71921426	25.74281125
40	TVUF	5	9.545356271	-10.02378231
40	TVUF	6	21.4371313	19.52033851
40	TVUF	7	25.75037836	29.880934
40	TVUF	8	27.2437224	28.77412978
40	TVUF	9	33.29647589	-2.442011304
40	TVUF	10	31.16008277	-6.92065355
40	TVUH	1	43.74926645	25.97214072
40	TVUH	2	39.67940204	17.86962968
40	TVUH	3	30.16585848	25.46668932
40	TVUH	4	10.53124131	-4.227074775
40	TVUH	5	4.520492943	-2.012076474
40	TVUH	6	30.65725669	28.76949687
40	TVUH	7	71.58476696	31.85455725
40	TVUH	8	68.12150601	32.88260185
40	TVUH	9	75.7818822	30.63007691
40	TVUH	10	64.53500942	18.186058
15	ROF	1	0.326843013	25.03250767
15	ROF	2	6.555700408	23.69923041
15	ROF	3	14.50977753	22.16081416
15	ROF	4	31.90495816	22.89936499
15	ROF	5	22.91820514	3.843138904
15	ROF	6	6.29639598	2.012532066
15	ROF	7	2.41128727	1.861390302
15	ROF	8	-2.549224105	-4.31574078
15	ROF	9	0.448378822	-5.896042727
15	ROF	10	-0.152151058	3.986206316
15	TVUF	1	6.447790067	25.08423399
15	TVUF	2	32.09958367	25.41931957
15	TVUF	3	34.82131292	24.59724967
15	TVUF	4	34.39631608	35.35985533
15	TVUF	5	47.79612263	-0.746625173
15	TVUF	6	1.408469658	-0.732999706
15	TVUF	7	55.64506497	2.192943353
15	TVUF	8	37.99907481	41.05227301
15	TVUF	9	39.08389756	43.3938349
15	TVUF	10	58.02531646	5.931368014
15	TVUH	1	51.40401194	16.11766685
15	TVUH	2	56.66209681	16.26350982
15	TVUH	3	4.9371294	-4.522898356
15	TVUH	4	4.207073468	-0.979772068
15	TVUH	5	36.72568232	-5.606375373
15	TVUH	6	53.23234787	-0.633079608
15	TVUH	7	32.93763405	37.49400732
15	TVUH	8	36.29185416	37.86038101
15	TVUH	9	53.16623912	3.152277219
15	TVUH	10	53.54051895	5.690651415
