ROF	TVUF	TVUH	FUMANA	EFL	ECH	LATHYRUS	CAL	CSA	ILU	RGR	BLA	DPE	OLA	PRU	VCR	CSP	FAB	HOE	API	AMO	CORONILLA	EMU	ERO	COMP	MNE	AZA	VF1	PRUNUS	VF2	GALY	POTENTILLA	LFR	UmBELIFERA	Geranium_Robertianum	Geranium_rotundifolium	Medicago	Hippocrepis	GIL	Lotus_corniculatus	Linaria	ESE	Astragalus	Oprhys_lutea	ATET	SHI	Convolvulus_lanuginosus	Cistus_clusii	Oprhys_sphegodes	NAS
17107.8	12059.6	19588.4	8	385	0	0	10	0	13	8	0	0	0	0	0	0	0	0	0	0	0	0	0	0	0	0	0	0	0	0	0	0	0	0	0	0	0	0	0	0	0	0	0	0	0	0	0	0	0
18237.6	7940.2	16656.7	0	1325	58	3	0	0	0	0	2	0	0	0	0	0	0	0	3	0	8	0	0	0	0	0	0	0	0	0	0	0	0	0	0	0	0	0	0	0	0	0	0	0	0	0	0	0	0
30007	2314	2226.9	0	0	0	0	0	0	0	0	0	0	0	0	0	0	0	0	70	3	0	83	0	0	0	0	0	0	0	0	0	0	0	0	0	0	0	0	0	0	0	0	0	0	0	0	0	0	0
51911.8	37098.1	12310.2	11	0	0	0	0	0	0	0	110	0	0	0	0	0	0	0	0	0	0	0	1	1	15	0	0	0	0	0	0	0	0	0	0	0	0	0	0	0	0	0	0	0	0	0	0	0	0
26193.8	4326.4	1504.5	19	296	0	0	0	4	0	0	0	52	8	21	30	0	0	0	78	0	0	0	0	0	0	0	0	0	0	0	0	0	0	0	0	0	0	0	0	0	0	0	0	0	0	0	0	0	0
6607.7	9963.5	4883.5	2	0	0	0	0	4	0	0	0	0	2	0	0	0	0	0	5	0	0	0	0	0	0	0	0	0	0	0	0	0	0	0	0	0	0	0	0	0	0	0	0	0	0	0	0	0	0
7984.6	7250.99	0	1	0	0	0	0	0	0	0	0	0	0	0	0	2010	0	0	52	0	0	0	0	0	0	0	0	0	0	0	0	0	0	0	0	0	0	0	0	0	0	0	0	0	0	0	0	0	0
2272	5445.6	2722.8	0	0	0	0	0	0	0	0	121	0	10	0	0	0	175	57	6	0	0	0	0	0	0	0	0	0	0	0	0	0	0	0	0	0	0	0	0	0	0	0	0	0	0	0	0	0	0
3107	7488.5	12575.8	6	68	0	0	0	5	0	24	22	0	45	22	0	0	56	0	35	0	0	0	0	1	19	7	0	0	0	0	0	0	0	0	0	0	0	0	0	0	0	0	0	0	0	0	0	0	0
23627	4434.6	2163.1	5	81	0	0	0	0	0	0	0	0	0	0	0	0	0	0	0	1	0	0	0	0	7	0	0	0	0	0	0	0	0	0	0	0	0	0	0	0	0	0	0	0	0	0	0	0	0
2026	2305	801	0	0	0	0	0	0	0	0	0	0	17	2	0	0	0	50	0	0	0	0	0	0	0	0	0	0	0	0	0	0	0	0	0	0	0	0	0	0	0	0	0	0	0	0	0	0	0
22309.5	7293.3	4918.3	0	48	0	0	0	0	0	0	0	0	0	0	0	5	0	0	0	7	0	0	0	0	0	0	19	0	0	0	0	0	0	0	0	0	0	0	0	0	0	0	0	0	0	0	0	0	0
5826.2	3233.6	3782.2	13	0	0	0	0	0	0	0	2	0	0	3	0	0	0	0	0	0	0	0	0	0	1	0	0	966	6	0	0	0	0	0	0	0	0	0	0	0	0	0	0	0	0	0	0	0	0
15479.8	1977.4	167	0	291	0	0	0	0	0	0	15	0	0	2	0	0	0	3	0	0	0	0	0	0	0	0	0	0	0	0	0	0	0	0	0	0	0	0	0	0	0	0	0	0	0	0	0	0	0
6512.6	4300.4	5996	0	0	109	0	0	0	0	0	203	0	116	0	0	0	0	0	2	10	0	0	0	0	0	0	0	0	0	0	0	0	0	0	0	0	0	0	0	0	0	0	0	0	0	0	0	0	0
5247.4	19373.4	26177.5	4	144	0	0	0	0	0	0	0	0	80	4	0	0	2	8	9	0	0	0	0	0	0	0	0	0	0	0	0	0	123	0	0	0	0	0	0	0	0	0	0	0	0	0	0	0	0
10062	1087	331	0	261	0	0	0	0	0	0	0	0	17	6	0	93	0	117	0	4	0	0	0	0	0	0	0	0	0	0	0	18	0	0	0	0	0	0	0	0	0	0	0	0	0	0	0	0	0
4265	5915.4	1716	1	38	0	0	0	0	0	0	0	0	0	1	0	0	0	0	0	45	0	0	0	0	0	9	0	0	0	0	0	30	0	0	0	0	0	0	0	0	0	0	0	0	0	0	0	0	0
17695.2	7183.6	4146	0	2187	158	0	0	1	0	2	0	0	0	10	0	6	0	74	0	0	4	0	0	0	3	0	0	0	0	0	6	0	0	0	0	0	0	0	0	0	0	0	0	0	0	0	0	0	0
22741	2243	868	6	0	0	0	0	0	0	0	7	0	158	0	0	392	0	35	0	191	0	0	0	0	0	8	0	0	0	3	0	0	0	0	0	0	0	0	0	0	0	0	0	0	0	0	0	0	0
5233	1982	1299	3	0	0	10	0	2	0	0	126	13	0	11	13	0	3	49	0	22	0	0	0	0	0	1	0	0	0	1	0	0	0	0	0	0	53	0	20	0	0	0	0	0	0	0	0	0	0
2971.8	3278	701	36	0	0	0	0	0	0	0	0	0	89	0	0	0	0	0	0	5	0	0	0	0	8	0	0	0	0	0	0	0	0	0	0	0	0	0	0	0	0	0	0	0	0	0	0	0	0
18051	4913	1988	8	0	0	0	0	0	0	0	0	0	27	0	7	0	0	0	39	10	0	0	0	0	0	4	0	0	0	0	0	0	0	0	0	0	0	0	0	0	0	0	0	0	0	0	0	0	0
19250.4	1815	725	0	1294	338	0	0	0	0	0	154	0	63	3	0	0	10	128	0	4	0	0	0	0	0	0	0	0	0	0	0	0	0	0	0	0	0	0	0	0	0	0	0	0	0	0	0	0	0
7191.5	809.8	147	0	80	0	0	0	0	0	0	0	104	0	0	0	0	0	40	0	0	0	0	0	0	0	0	0	0	0	0	0	0	0	0	0	0	0	0	0	0	0	0	0	0	0	0	0	0	0
1186	2219.6	835.6	0	55	0	0	0	0	0	0	0	0	0	0	0	0	0	0	0	0	0	0	0	0	0	0	0	0	0	0	0	0	0	0	0	0	0	0	0	0	0	0	0	0	0	0	0	0	0
6043	4140.4	6448.9	0	264	286	0	0	0	0	0	0	0	0	0	0	0	1	0	0	0	0	0	0	0	9	0	0	0	0	0	0	0	0	0	0	0	0	0	0	22	0	0	0	0	0	0	0	0	0
979.3	6776.5	2219.2	0	260	0	0	5	0	0	1	0	0	0	5	0	0	0	0	0	0	0	0	0	0	4	0	0	0	0	0	0	0	0	0	0	0	0	1	0	0	0	0	0	0	0	0	0	0	0
0	29478.2	24161.7	0	653	0	13	0	0	0	1	1	0	0	0	0	0	4	15	0	0	0	0	0	15	0	0	0	0	0	0	0	0	0	1	3	1	20	0	0	0	0	0	0	0	0	0	0	0	0
13708.8	10460.3	3069.4	2	494	0	0	0	1	0	2	0	0	0	14	0	271	0	0	8	3	0	0	0	0	0	0	0	0	0	0	0	0	0	0	0	0	0	0	0	0	0	0	0	0	0	0	0	0	0
3051.2	3906.8	4927	4	0	0	0	0	0	0	0	5	0	26	0	0	0	0	0	0	0	0	0	0	0	0	0	0	0	0	0	0	0	0	0	0	0	0	0	0	0	0	0	0	0	0	0	2	0	0
13518.5	18496	14725.7	71	129	0	0	0	1	0	5	0	0	0	0	0	0	0	0	0	0	0	0	0	0	0	0	0	0	0	1	0	0	0	0	0	0	0	0	0	0	0	0	0	0	0	0	0	0	1
4268.7	15152.2	1605	16	8	0	0	0	65	0	35	0	0	0	11	0	0	0	0	0	0	0	0	0	0	0	0	0	0	0	0	0	0	0	0	0	0	0	0	0	0	0	0	0	0	0	0	0	2	0
792.8	6383.3	6244.8	43	0	0	0	0	0	0	0	0	195	15	0	0	0	0	49	0	33	0	0	0	0	0	20	0	0	0	0	0	0	0	0	0	0	0	0	0	0	0	44	0	0	0	0	0	0	0
726	3273.3	852	0	59	0	0	0	0	0	0	0	0	0	18	0	252	22	65	0	0	0	0	0	0	0	0	0	0	0	0	0	0	0	0	0	0	38	0	0	0	1	4	7	0	0	0	0	0	0
1429	74729.6	36548.7	58	0	0	1	0	0	0	0	0	0	0	3	0	0	0	0	0	0	0	0	0	0	0	0	0	0	0	0	0	0	0	0	0	0	0	0	0	0	0	0	0	0	0	0	0	0	0
1780	28004.4	24603.4	1	1116	0	6	25	0	0	0	0	20	0	0	0	0	0	0	0	0	0	0	0	0	0	1	0	0	0	1	0	0	0	0	0	0	0	0	0	0	153	0	0	2	1	0	0	0	0
3323.7	10315	34088.9	296	0	0	0	0	9	0	0	3	0	64	12	0	0	0	0	0	2	0	0	0	0	4	5	0	0	0	0	0	0	0	0	0	0	0	2	0	0	0	0	0	0	0	1	0	0	0
5271.4	12680.1	8163.4	70	0	0	0	0	20	0	0	0	0	8	3	0	0	0	0	0	0	0	0	0	0	0	0	0	0	0	0	0	0	0	0	0	0	0	0	0	0	0	0	0	0	0	0	0	0	0
3740	2429.2	1171	0	67	0	0	0	0	0	0	0	0	0	2	0	0	0	0	0	0	0	0	0	0	0	0	0	0	0	0	10	0	0	0	0	0	0	0	0	0	0	0	0	0	0	0	0	0	0
